C:\Users\admin\anaconda3\python.exe C:/Users/admin/Desktop/Работа/data_proc_software/lr2/main.py
C:\Users\admin\anaconda3\lib\site-packages\pandas\core\computation\expressions.py:20: UserWarning: Pandas requires version '2.7.3' or newer of 'numexpr' (version '2.7.1' currently installed).
  from pandas.core.computation.check import NUMEXPR_INSTALLED

Part 1
4.064128242560359
1.706047351694915
1.2808333333333333

Part 2
{1: 117}
{2: 1041, 4: 474, 8: 192, 10: 148, 12: 96}
{30: 932, 29: 711, 28: 475, 27: 338, 26: 586, 25: 463}

Part 3
[-0.018957540970254903, -0.1405125440158921, -0.04389737213878464, -0.06815956229777329, -0.12350666584148721, -0.07588814421898891, -0.15967365150066698, -0.0868419397988149, 0.7631288370362942, -0.157828603403922, -0.15699891890668533, -0.04489881782582593, 0.11724926438924756, 0.25905717763627445, 0.13327460678614414, 0.36620107760907694, 0.580751264347219, 0.006863929652036765, 0.7266938876936632, 0.05774167604499974, 0.11533808557433019, 0.4657540116799292, 0.5158043745390808, 0.41269353740449316, 0.3756311762483461, 0.31572531657301817, 0.24456056122040565, 0.5944264990901568, 0.5535149763954081, 0.614340565815275, 0.4605136194346127, 0.4050225010402513, 0.43478978046093336, 0.08842136365224244, 0.11813669729864346, -0.09102281951520769, -0.03309130419301409, 0.4406604658798664, -0.02968370761648842, 0.2685253901231167, 0.2772209584562201, -0.04910845341019551, 0.3226274098347664, 0.09113937360436564, -0.0257500532678478, 0.12052160170812222, -0.0617468314911244, 0.04130696335695718, -0.14620213640558818, -0.16248518465945352, -0.09725439326062696, 0.08926285577154877, 0.568403990958805, 0.7118640082413488, 0.26820323735182694, 0.19064458491051398, 0.22722298344400832, 0.2292388817501196, 0.00563550631760186, 0.01862810830513789, -0.06475017382732678, 0.09661429748349028, 0.0028644052209071133, 0.10718477454224946, 0.12847728429427502, -0.04253357249945174, -0.1370413370263337, 0.13660902964878588, 0.11897525281640507, 0.09807385511885579, 0.06692831004388482, 0.10021247430717257, -0.0639843438676681, -0.06652548897746235, -0.12924588357060107, -0.11106640856183897, -0.08944120977615753, -0.11409032543862267, -0.10628070169546266, -0.1768551635213449, -0.11698467992534628, 0.019138583013046186, 0.10064350169202683, -0.07385848395069783, 0.03666592068378451, -0.1079578093029746, -0.16795589097327285, 0.29674410496583775, 0.3474215689649394, 0.1465287650218993, 0.36241457715868114, 0.09333083190658621, 0.1989151921335872, 0.16460226243331408, 0.18062697496971428, 0.17650854266970117, 0.1391586311428105, 0.23198439913390503, 0.22761591795953975, 0.27590363409427776, 0.299630039916478, 0.24814314529379075, 0.29834417829222465, -0.05632536624563325, -0.17811455761466988, 0.0020329404060734483, -0.022802182670330122, -0.0012022333552325864, 0.08521742335508148, -0.07640902311357077, 0.010021716457226992, 0.01641164595045239, -0.03878593406073143, -0.07529776789074218, 0.041917772893683175, 0.1933240401638625, 0.5969291428347567, 0.11359659048865448, -0.1437500374559931, -0.01770337263443297, 0.28490536030564384, 0.3055061107900811, 0.15003130604751777, 0.13489507718051405, 0.17285000251717095, 0.28607620268694794, -0.10668774781270386, 0.2447441676287014, 0.33712008505444063, 0.424798955886228, 0.09592188071173631, 0.022899033265977847, 0.1433307348335832, 0.08719621839168887, 0.40874102784069816, 0.4251768793976188, 0.3617284337981057, -0.03509033710260204, -0.08238845340188307, -0.0947423126713461, -0.08757372579993877, -0.06040583655325566, -0.09239826858249964, -0.18319735251177074, 0.12465011153954758, -0.053001161752230845, -0.0399115355023394, 0.010158286910586782, 0.45182885362788205, 0.2957936990606038, 0.6152687274406373, -0.07521405335720324, 0.1322074054306782, 0.0895470975019385, -0.01908612656505609, -0.0455526263384431, 0.2115995246004094, -0.0739728336193097, 0.11266837695945722, 0.1383878907346342, -0.0032075495876248508, -0.052643174122643195, 0.04216814376829505, -0.06746017319649882, -0.030882796949012265, 0.017805647329350326, 0.02613807272352431, -0.05028754305141791, 0.016535642886678883, 0.19991901365952416, 0.48215828618664663, 0.35511047375733906, 0.5896063397204755, 0.3680380987484235, -0.029094866431611254, -0.0744953231108749, 0.26210156064992296, -0.005386992702600465, 0.25882637992103336, 0.14411081978813411, 0.10191501700105272, 0.023020993157659094, 0.07459425177063651, 0.2566651391784795, 0.16240115808157454, -0.003454405461121772, 0.19014197644942182, 0.18458123897930004, 0.1205964599031437, -0.1762331522329787, -0.1446991310453468, 0.1470741154793824, 0.2735203823563192, 0.10955732318085529, -0.09286339370540701, -0.18275212617755865, -0.008836513259521376, 0.3565923585481167, -0.0891338953974484, -0.017185128534759626, -0.1563235140248892, -0.04253820436786143, 0.010235675984636414, -0.00991275418864386, -0.04291036697512224, -0.21056770917487663, -0.15595781584599408, 0.04621127208715497, -0.06080823097611036, 0.16086505271989332, 0.6150957811906123, 0.5983433303535646, 0.5065356305690024, 0.19183481143902165, -0.02472346205593879, -0.15062716384346206, -0.0025000889372143015, -0.1662013609160204, 0.6193498674450096, 0.5313806415875295, 0.5201156652995895, 0.4666739622705827, 0.5188201732915089, 0.39419151159648524, 0.37944620834511844, -0.12317203598729749, -0.06156551810338483, -0.18013396262988604, 0.25397807542282164, 0.1398671749637212, 0.31642940410166526, 0.26878049997000686, 0.27939714277181316, 0.26726066150734157, 0.28713384200394476]
[-0.018957540970254903, -0.04389737213878464, -0.06815956229777329, -0.07588814421898891, 0.7631288370362942, -0.157828603403922, -0.04489881782582593, 0.11724926438924756, 0.25905717763627445, 0.13327460678614414, 0.36620107760907694, 0.006863929652036765, 0.7266938876936632, 0.05774167604499974, 0.11533808557433019, 0.4657540116799292, 0.5158043745390808, 0.3756311762483461, 0.31572531657301817, 0.24456056122040565, 0.5944264990901568, 0.5535149763954081, 0.4050225010402513, 0.43478978046093336, 0.08842136365224244, 0.11813669729864346, -0.03309130419301409, 0.2772209584562201, -0.04910845341019551, 0.09113937360436564, -0.0257500532678478, -0.0617468314911244, 0.04130696335695718, -0.14620213640558818, -0.09725439326062696, 0.08926285577154877, 0.7118640082413488, 0.26820323735182694, 0.19064458491051398, 0.0028644052209071133, -0.04253357249945174, 0.09807385511885579, 0.10021247430717257, -0.0639843438676681, -0.06652548897746235, -0.08944120977615753, 0.10064350169202683, 0.03666592068378451, 0.29674410496583775, 0.3474215689649394, 0.1989151921335872, 0.16460226243331408, 0.23198439913390503, 0.27590363409427776, 0.24814314529379075, 0.0020329404060734483, 0.08521742335508148, 0.010021716457226992, -0.03878593406073143, 0.041917772893683175, 0.5969291428347567, 0.11359659048865448, -0.01770337263443297, 0.3055061107900811, 0.15003130604751777, 0.13489507718051405, 0.17285000251717095, 0.28607620268694794, 0.33712008505444063, 0.424798955886228, 0.09592188071173631, 0.022899033265977847, 0.1433307348335832, 0.40874102784069816, 0.3617284337981057, -0.03509033710260204, -0.08238845340188307, -0.0947423126713461, -0.09239826858249964, -0.053001161752230845, 0.010158286910586782, 0.2957936990606038, -0.07521405335720324, 0.1322074054306782, 0.0895470975019385, -0.01908612656505609, 0.1383878907346342, -0.0032075495876248508, 0.017805647329350326, -0.05028754305141791, 0.016535642886678883, 0.35511047375733906, 0.5896063397204755, -0.029094866431611254, -0.0744953231108749, -0.005386992702600465, 0.25882637992103336, 0.14411081978813411, 0.07459425177063651, 0.2566651391784795, 0.16240115808157454, 0.19014197644942182, -0.1762331522329787, -0.1446991310453468, 0.1470741154793824, 0.2735203823563192, 0.10955732318085529, -0.09286339370540701, -0.0891338953974484, -0.017185128534759626, -0.1563235140248892, -0.04253820436786143, -0.00991275418864386, -0.04291036697512224, 0.04621127208715497, -0.06080823097611036, 0.16086505271989332, 0.5983433303535646, 0.5065356305690024, 0.19183481143902165, -0.02472346205593879, 0.5188201732915089, -0.12317203598729749, 0.25397807542282164, 0.26878049997000686, 0.27939714277181316, 0.26726066150734157]
[]

Process finished with exit code 0
